chEq[0] = 450281250000000.0*v*v;
chEq[1] = 525448200000000.0*v*v + 3.643125e+15*v;
chEq[2] = 5696250000.0*m*v*v + 112774440000000.0*v*v + 4.251284e+15*v;
chEq[3] = 6907070900.0*m*v*v + 912432800000000.0*v + 4.20447e+15;
chEq[4] = 1447432300.0*m*v*v + 16802250000.0*m*v + 336250000000000.0;
chEq[5] = 15630.0*m*m*v*v + 831500.0*m*v*v + 1343750000.0*m*v + 13450000000000.0;
chEq[6] = 1250.0*m*m*v*v + 16630.0*m*v*v + 53750000.0*m*v + 269000000000.0;
chEq[7] = 50.0*m*m*v*v + 1075000.0*m*v;
chEq[8] = m*m*v*v;
