z = exp(-T_d*s);
chEq[0] = 450281250000000.0*v*v*z;
chEq[1] = 525448200000000.0*v*v*z + 3.643125e+15*v*z;
chEq[2] = 5696250000.0*m*v*v*z + 112774440000000.0*v*v*z + 4.251284e+15*v*z;
chEq[3] = 6647144000.0*m*v*v*z + 259926900.0*m*v*v + 912432800000000.0*v*z + 4.20447e+15;
chEq[4] = 1426644800.0*m*v*v*z + 20787500.0*m*v*v + 16802250000.0*m*v + 336250000000000.0;
chEq[5] = 15630.0*m*m*v*v + 831500.0*m*v*v + 1343750000.0*m*v + 13450000000000.0;
chEq[6] = 1250.0*m*m*v*v + 16630.0*m*v*v + 53750000.0*m*v + 269000000000.0;
chEq[7] = 50*(m*m*v*v)+1075000.0*(m*v);
chEq[8] = m*m*v*v;
